U1 = 20;
U2 = 35;
R1 = 120;
R2 = 100;
L1 = 0.170;
L2 = 0.08;
C1 = 150/1000/1000;
C2 = 90/1000/1000;
f = 65;

om = 2*pi*f;

A = [L1*om*i+L2*om*i+R1, 0,                     -om*L2*i;
       0,                                     R2+1/(i*om*C1), -R2;
       -om*L2*i,                        -R2,                  L2*om*i+R2+1/(i*om*C2)]
       
B = [-U1-U2; U1; 0] 

A\B
