R1 = 520;
R2 = 420;
R3 = 520;
R4 = 420;
R5 = 215;
 
G1 = 1/R1;
G2 = 1/R2;
G3 = 1/R3;
G4 = 1/R4;
G5 = 1/R5;

I1 = 0.55;
I2 = 0.65;
I = 9/28;

A = [G1 + G2 + G3, -G2 - G3, 0;
G2 + G3, -G2-G3-G5, G5;
0, G5, -G4 - G5];

B = [I1 + I; I - I2; I2];

A\B